{
 "cells": [
  {
   "cell_type": "code",
   "execution_count": 3,
   "metadata": {
    "collapsed": true
   },
   "outputs": [],
   "source": [
    "import numpy as np\n",
    "import time\n"
   ]
  },
  {
   "cell_type": "code",
   "execution_count": 4,
   "metadata": {
    "collapsed": false
   },
   "outputs": [],
   "source": [
    "counts = np.zeros(1000)\n",
    "m_values = list(x+1 for x in range(21))\n"
   ]
  },
  {
   "cell_type": "code",
   "execution_count": 6,
   "metadata": {
    "collapsed": false
   },
   "outputs": [],
   "source": [
    "for x in range(21):\n",
    "    m = x+1\n",
    "    for y in range(m-1):\n",
    "        n = y+1\n",
    "        a = m**2 - n**2\n",
    "        b = 2*m*n\n",
    "        c = m**2 + n**2 \n",
    "        perim = a + b + c\n",
    "        max_k = int(1000/perim)-1\n",
    "        \n",
    "        for z in range(max_k):\n",
    "            k = z+1\n",
    "            perim_k = k*perim\n",
    "            counts[perim_k] += 1"
   ]
  },
  {
   "cell_type": "code",
   "execution_count": 67,
   "metadata": {
    "collapsed": false
   },
   "outputs": [
    {
     "name": "stdout",
     "output_type": "stream",
     "text": [
      "232169\n"
     ]
    }
   ],
   "source": [
    "sum = 0\n",
    "for n in xrange(1,999):\n",
    "    if (n%3 == 0) or (n%5 == 0):\n",
    "        sum += n\n",
    "        \n",
    "print sum"
   ]
  },
  {
   "cell_type": "code",
   "execution_count": 64,
   "metadata": {
    "collapsed": false
   },
   "outputs": [
    {
     "name": "stdout",
     "output_type": "stream",
     "text": [
      "4613732\n"
     ]
    }
   ],
   "source": [
    "# even fibonacci sequences\n",
    "fib = 1\n",
    "fib_n = 1\n",
    "sum = 0\n",
    "while fib_n < 4*10**6:\n",
    "    if fib_n%2==0: sum += fib_n\n",
    "    tmp = fib_n\n",
    "    fib_n = fib+fib_n\n",
    "    fib = tmp\n",
    "\n",
    "print sum\n",
    "    "
   ]
  },
  {
   "cell_type": "code",
   "execution_count": 85,
   "metadata": {
    "collapsed": false
   },
   "outputs": [
    {
     "data": {
      "text/plain": [
       "True"
      ]
     },
     "execution_count": 85,
     "metadata": {},
     "output_type": "execute_result"
    }
   ],
   "source": [
    "def isPrime(n):\n",
    "    for p in range(2,int(n**0.5)):\n",
    "        if (n%p == 0):\n",
    "            return False \n",
    "    return True\n",
    "\n",
    "def isPalindrome(n):\n",
    "    s = str(n)\n",
    "    if s[::-1] == s: \n",
    "        return True\n",
    "    else: \n",
    "        return False\n"
   ]
  },
  {
   "cell_type": "code",
   "execution_count": 80,
   "metadata": {
    "collapsed": false
   },
   "outputs": [
    {
     "name": "stdout",
     "output_type": "stream",
     "text": [
      "6857\n"
     ]
    }
   ],
   "source": [
    "# largest prime factor\n",
    "n =  600851475143\n",
    "largest = 1\n",
    "factors = []\n",
    "for p in range(2, int(n**0.5)):\n",
    "    if isPrime(p) and n%p == 0:\n",
    "        largest = p\n",
    "print largest\n",
    "    "
   ]
  },
  {
   "cell_type": "code",
   "execution_count": 88,
   "metadata": {
    "collapsed": false
   },
   "outputs": [
    {
     "name": "stdout",
     "output_type": "stream",
     "text": [
      "906609\n"
     ]
    }
   ],
   "source": [
    "## Largest palindrom\n",
    "largest = 1\n",
    "for x in range(100, 999):\n",
    "    for y in range (100,999):\n",
    "        p = x*y\n",
    "        if isPalindrome(p) and largest < p:\n",
    "            largest = p\n",
    "            \n",
    "print largest"
   ]
  },
  {
   "cell_type": "markdown",
   "metadata": {},
   "source": [
    "## 39\n",
    "\n",
    "if p is the perimeter of a right angle triangle with integral length sides, {a,b,c}, there are exactly three solutions for p = 120.\n",
    "{20,48,52}, {24,45,51}, {30,40,50}\n",
    "For which value of p ≤ 1000, is the number of solutions maximised?\n",
    "\n",
    "\n",
    "want to maximize the intersection of the surface $x^2+y^2-z^2 = 0$ with $Z^3$ and $x+y+z = p$ for some $p \\leq 1000.$   \n",
    "\n",
    "$z = p - x - y$\n",
    "\n",
    "$$x^2 + y^2 = (p-x-y)^2$$\n",
    "$$  p^2 -2p(x+y) +2xy = 0 $$\n",
    "and $ x, y \\geq 0 $\n",
    "\n",
    "Looking for positive integer solutions to \n",
    "$$ y = p^2 - \\frac{p^2}{2(p-x)} $$"
   ]
  },
  {
   "cell_type": "code",
   "execution_count": 55,
   "metadata": {
    "collapsed": false
   },
   "outputs": [],
   "source": [
    "counts = np.zeros(1000)\n",
    "def side(x,p): \n",
    "    if ((p**2-2*p*x)%(2*p - 2*x) == 0) and ((p**2-2*p*x)/(2*p - 2*x) > 0) :\n",
    "        return (p**2-2*p*x)/(2*p - 2*x)\n",
    "    else:\n",
    "        return False\n",
    "\n"
   ]
  },
  {
   "cell_type": "code",
   "execution_count": 47,
   "metadata": {
    "collapsed": false
   },
   "outputs": [
    {
     "name": "stdout",
     "output_type": "stream",
     "text": [
      "(3, 4, 25)\n",
      "(4, 3, 25)\n",
      "(6, 8, 100)\n",
      "(8, 6, 100)\n",
      "(5, 12, 169)\n",
      "(12, 5, 169)\n",
      "(9, 12, 225)\n",
      "(12, 9, 225)\n",
      "(8, 15, 289)\n",
      "(15, 8, 289)\n",
      "(12, 16, 400)\n",
      "(16, 12, 400)\n",
      "(7, 24, 625)\n",
      "(24, 7, 625)\n",
      "(10, 24, 676)\n",
      "(15, 20, 625)\n",
      "(20, 15, 625)\n",
      "(24, 10, 676)\n",
      "(20, 21, 841)\n",
      "(21, 20, 841)\n",
      "(18, 24, 900)\n",
      "(24, 18, 900)\n",
      "(16, 30, 1156)\n",
      "(30, 16, 1156)\n",
      "(12, 35, 1369)\n",
      "(21, 28, 1225)\n",
      "(28, 21, 1225)\n",
      "(35, 12, 1369)\n",
      "(9, 40, 1681)\n",
      "(15, 36, 1521)\n",
      "(36, 15, 1521)\n",
      "(40, 9, 1681)\n",
      "(24, 32, 1600)\n",
      "(32, 24, 1600)\n",
      "(27, 36, 2025)\n",
      "(36, 27, 2025)\n",
      "(14, 48, 2500)\n",
      "(48, 14, 2500)\n",
      "(20, 48, 2704)\n",
      "(24, 45, 2601)\n",
      "(30, 40, 2500)\n",
      "(40, 30, 2500)\n",
      "(45, 24, 2601)\n",
      "(48, 20, 2704)\n",
      "(28, 45, 2809)\n",
      "(45, 28, 2809)\n",
      "(11, 60, 3721)\n",
      "(33, 44, 3025)\n",
      "(44, 33, 3025)\n",
      "(60, 11, 3721)\n",
      "(40, 42, 3364)\n",
      "(42, 40, 3364)\n",
      "(16, 63, 4225)\n",
      "(36, 48, 3600)\n",
      "(48, 36, 3600)\n",
      "(63, 16, 4225)\n",
      "(25, 60, 4225)\n",
      "(60, 25, 4225)\n",
      "(33, 56, 4225)\n",
      "(56, 33, 4225)\n",
      "(39, 52, 4225)\n",
      "(52, 39, 4225)\n",
      "(32, 60, 4624)\n",
      "(60, 32, 4624)\n",
      "(21, 72, 5625)\n",
      "(24, 70, 5476)\n",
      "(42, 56, 4900)\n",
      "(56, 42, 4900)\n",
      "(70, 24, 5476)\n",
      "(72, 21, 5625)\n",
      "(48, 55, 5329)\n",
      "(55, 48, 5329)\n",
      "(18, 80, 6724)\n",
      "(30, 72, 6084)\n",
      "(45, 60, 5625)\n",
      "(60, 45, 5625)\n",
      "(72, 30, 6084)\n",
      "(80, 18, 6724)\n",
      "(13, 84, 7225)\n",
      "(84, 13, 7225)\n",
      "(48, 64, 6400)\n",
      "(64, 48, 6400)\n",
      "(36, 77, 7225)\n",
      "(77, 36, 7225)\n",
      "(40, 75, 7225)\n",
      "(75, 40, 7225)\n",
      "(51, 68, 7225)\n",
      "(68, 51, 7225)\n",
      "(39, 80, 7921)\n",
      "(80, 39, 7921)\n",
      "(35, 84, 8281)\n",
      "(60, 63, 7569)\n",
      "(63, 60, 7569)\n",
      "(84, 35, 8281)\n",
      "(54, 72, 8100)\n",
      "(72, 54, 8100)\n",
      "(20, 99, 10201)\n",
      "(99, 20, 10201)\n",
      "(28, 96, 10000)\n",
      "(96, 28, 10000)\n",
      "(57, 76, 9025)\n",
      "(76, 57, 9025)\n",
      "(65, 72, 9409)\n",
      "(72, 65, 9409)\n",
      "(15, 112, 12769)\n",
      "(40, 96, 10816)\n",
      "(48, 90, 10404)\n",
      "(60, 80, 10000)\n",
      "(80, 60, 10000)\n",
      "(90, 48, 10404)\n",
      "(96, 40, 10816)\n",
      "(112, 15, 12769)\n",
      "(36, 105, 12321)\n",
      "(56, 90, 11236)\n",
      "(63, 84, 11025)\n",
      "(84, 63, 11025)\n",
      "(90, 56, 11236)\n",
      "(105, 36, 12321)\n",
      "(60, 91, 11881)\n",
      "(91, 60, 11881)\n",
      "(22, 120, 14884)\n",
      "(66, 88, 12100)\n",
      "(88, 66, 12100)\n",
      "(120, 22, 14884)\n",
      "(27, 120, 15129)\n",
      "(45, 108, 13689)\n",
      "(108, 45, 13689)\n",
      "(120, 27, 15129)\n",
      "(69, 92, 13225)\n",
      "(92, 69, 13225)\n",
      "(35, 120, 15625)\n",
      "(56, 105, 14161)\n",
      "(80, 84, 13456)\n",
      "(84, 80, 13456)\n",
      "(105, 56, 14161)\n",
      "(120, 35, 15625)\n",
      "(44, 117, 15625)\n",
      "(117, 44, 15625)\n",
      "(32, 126, 16900)\n",
      "(72, 96, 14400)\n",
      "(96, 72, 14400)\n",
      "(126, 32, 16900)\n",
      "(50, 120, 16900)\n",
      "(75, 100, 15625)\n",
      "(100, 75, 15625)\n",
      "(120, 50, 16900)\n",
      "(17, 144, 21025)\n",
      "(144, 17, 21025)\n",
      "(66, 112, 16900)\n",
      "(112, 66, 16900)\n",
      "(24, 143, 21025)\n",
      "(78, 104, 16900)\n",
      "(104, 78, 16900)\n",
      "(143, 24, 21025)\n",
      "(64, 120, 18496)\n",
      "(120, 64, 18496)\n",
      "(81, 108, 18225)\n",
      "(108, 81, 18225)\n",
      "(55, 132, 20449)\n",
      "(88, 105, 18769)\n",
      "(105, 88, 18769)\n",
      "(132, 55, 20449)\n",
      "(42, 144, 22500)\n",
      "(48, 140, 21904)\n",
      "(84, 112, 19600)\n",
      "(112, 84, 19600)\n",
      "(140, 48, 21904)\n",
      "(144, 42, 22500)\n",
      "(51, 140, 22201)\n",
      "(140, 51, 22201)\n",
      "(87, 116, 21025)\n",
      "(116, 87, 21025)\n",
      "(100, 105, 21025)\n",
      "(105, 100, 21025)\n",
      "(96, 110, 21316)\n",
      "(110, 96, 21316)\n",
      "(36, 160, 26896)\n",
      "(60, 144, 24336)\n",
      "(72, 135, 23409)\n",
      "(90, 120, 22500)\n",
      "(120, 90, 22500)\n",
      "(135, 72, 23409)\n",
      "(144, 60, 24336)\n",
      "(160, 36, 26896)\n",
      "(26, 168, 28900)\n",
      "(168, 26, 28900)\n",
      "(93, 124, 24025)\n",
      "(124, 93, 24025)\n",
      "(85, 132, 24649)\n",
      "(132, 85, 24649)\n",
      "(84, 135, 25281)\n",
      "(135, 84, 25281)\n",
      "(19, 180, 32761)\n",
      "(180, 19, 32761)\n",
      "(96, 128, 25600)\n",
      "(128, 96, 25600)\n",
      "(52, 165, 29929)\n",
      "(65, 156, 28561)\n",
      "(156, 65, 28561)\n",
      "(165, 52, 29929)\n",
      "(49, 168, 30625)\n",
      "(168, 49, 30625)\n",
      "(33, 180, 33489)\n",
      "(72, 154, 28900)\n",
      "(99, 132, 27225)\n",
      "(132, 99, 27225)\n",
      "(154, 72, 28900)\n",
      "(180, 33, 33489)\n",
      "(80, 150, 28900)\n",
      "(150, 80, 28900)\n",
      "(102, 136, 28900)\n",
      "(119, 120, 28561)\n",
      "(120, 119, 28561)\n",
      "(136, 102, 28900)\n",
      "(78, 160, 31684)\n",
      "(160, 78, 31684)\n",
      "(57, 176, 34225)\n",
      "(176, 57, 34225)\n",
      "(28, 195, 38809)\n",
      "(60, 175, 34225)\n",
      "(70, 168, 33124)\n",
      "(105, 140, 30625)\n",
      "(120, 126, 30276)\n",
      "(126, 120, 30276)\n",
      "(140, 105, 30625)\n",
      "(168, 70, 33124)\n",
      "(175, 60, 34225)\n",
      "(195, 28, 38809)\n",
      "(48, 189, 38025)\n",
      "(108, 144, 32400)\n",
      "(144, 108, 32400)\n",
      "(189, 48, 38025)\n",
      "(40, 198, 40804)\n",
      "(88, 165, 34969)\n",
      "(165, 88, 34969)\n",
      "(198, 40, 40804)\n",
      "(104, 153, 34225)\n",
      "(153, 104, 34225)\n",
      "(111, 148, 34225)\n",
      "(148, 111, 34225)\n",
      "(56, 192, 40000)\n",
      "(192, 56, 40000)\n",
      "(45, 200, 42025)\n",
      "(75, 180, 38025)\n",
      "(180, 75, 38025)\n",
      "(200, 45, 42025)\n",
      "(95, 168, 37249)\n",
      "(114, 152, 36100)\n",
      "(152, 114, 36100)\n",
      "(168, 95, 37249)\n",
      "(21, 220, 48841)\n",
      "(99, 168, 38025)\n",
      "(168, 99, 38025)\n",
      "(220, 21, 48841)\n",
      "(117, 156, 38025)\n",
      "(130, 144, 37636)\n",
      "(144, 130, 37636)\n",
      "(156, 117, 38025)\n",
      "(84, 187, 42025)\n",
      "(187, 84, 42025)\n",
      "(30, 224, 51076)\n",
      "(80, 192, 43264)\n",
      "(96, 180, 41616)\n",
      "(120, 160, 40000)\n",
      "(160, 120, 40000)\n",
      "(180, 96, 41616)\n",
      "(192, 80, 43264)\n",
      "(224, 30, 51076)\n",
      "(140, 147, 41209)\n",
      "(147, 140, 41209)\n",
      "(123, 164, 42025)\n",
      "(164, 123, 42025)\n",
      "(133, 156, 42025)\n",
      "(156, 133, 42025)\n",
      "(63, 216, 50625)\n",
      "(72, 210, 49284)\n",
      "(112, 180, 44944)\n",
      "(126, 168, 44100)\n",
      "(168, 126, 44100)\n",
      "(180, 112, 44944)\n",
      "(210, 72, 49284)\n",
      "(216, 63, 50625)\n",
      "(60, 221, 52441)\n",
      "(85, 204, 48841)\n",
      "(204, 85, 48841)\n",
      "(221, 60, 52441)\n",
      "(129, 172, 46225)\n",
      "(172, 129, 46225)\n",
      "(104, 195, 48841)\n",
      "(120, 182, 47524)\n",
      "(182, 120, 47524)\n",
      "(195, 104, 48841)\n",
      "(44, 240, 59536)\n",
      "(132, 176, 48400)\n",
      "(144, 165, 47961)\n",
      "(165, 144, 47961)\n",
      "(176, 132, 48400)\n",
      "(240, 44, 59536)\n",
      "(140, 171, 48841)\n",
      "(171, 140, 48841)\n",
      "(54, 240, 60516)\n",
      "(90, 216, 54756)\n",
      "(135, 180, 50625)\n",
      "(180, 135, 50625)\n",
      "(216, 90, 54756)\n",
      "(240, 54, 60516)\n",
      "(32, 255, 66049)\n",
      "(255, 32, 66049)\n",
      "(39, 252, 65025)\n",
      "(105, 208, 54289)\n",
      "(208, 105, 54289)\n",
      "(252, 39, 65025)\n",
      "(23, 264, 70225)\n",
      "(138, 184, 52900)\n",
      "(184, 138, 52900)\n",
      "(264, 23, 70225)\n",
      "(70, 240, 62500)\n",
      "(112, 210, 56644)\n",
      "(160, 168, 53824)\n",
      "(168, 160, 53824)\n",
      "(210, 112, 56644)\n",
      "(240, 70, 62500)\n",
      "(141, 188, 55225)\n",
      "(188, 141, 55225)\n",
      "(95, 228, 61009)\n",
      "(120, 209, 58081)\n",
      "(209, 120, 58081)\n",
      "(228, 95, 61009)\n",
      "(88, 234, 62500)\n",
      "(234, 88, 62500)\n",
      "(64, 252, 67600)\n",
      "(144, 192, 57600)\n",
      "(192, 144, 57600)\n",
      "(252, 64, 67600)\n",
      "(84, 245, 67081)\n",
      "(147, 196, 60025)\n",
      "(196, 147, 60025)\n",
      "(245, 84, 67081)\n",
      "(108, 231, 65025)\n",
      "(231, 108, 65025)\n",
      "(69, 260, 72361)\n",
      "(260, 69, 72361)\n",
      "(100, 240, 67600)\n",
      "(120, 225, 65025)\n",
      "(150, 200, 62500)\n",
      "(200, 150, 62500)\n",
      "(225, 120, 65025)\n",
      "(240, 100, 67600)\n",
      "(96, 247, 70225)\n",
      "(247, 96, 70225)\n",
      "(34, 288, 84100)\n",
      "(153, 204, 65025)\n",
      "(204, 153, 65025)\n",
      "(288, 34, 84100)\n",
      "(77, 264, 75625)\n",
      "(132, 224, 67600)\n",
      "(224, 132, 67600)\n",
      "(264, 77, 75625)\n",
      "(48, 286, 84100)\n",
      "(117, 240, 71289)\n",
      "(156, 208, 67600)\n",
      "(208, 156, 67600)\n",
      "(240, 117, 71289)\n",
      "(286, 48, 84100)\n",
      "(63, 280, 82369)\n",
      "(105, 252, 74529)\n",
      "(140, 225, 70225)\n",
      "(180, 189, 68121)\n",
      "(189, 180, 68121)\n",
      "(225, 140, 70225)\n",
      "(252, 105, 74529)\n",
      "(280, 63, 82369)\n",
      "(159, 212, 70225)\n",
      "(212, 159, 70225)\n",
      "(128, 240, 73984)\n",
      "(240, 128, 73984)\n",
      "(115, 252, 76729)\n",
      "(252, 115, 76729)\n",
      "(68, 285, 85849)\n",
      "(285, 68, 85849)\n",
      "(162, 216, 72900)\n",
      "(216, 162, 72900)\n",
      "(25, 312, 97969)\n",
      "(312, 25, 97969)\n",
      "(55, 300, 93025)\n",
      "(60, 297, 91809)\n",
      "(110, 264, 81796)\n",
      "(165, 220, 75625)\n",
      "(176, 210, 75076)\n",
      "(210, 176, 75076)\n",
      "(220, 165, 75625)\n",
      "(264, 110, 81796)\n",
      "(297, 60, 91809)\n",
      "(300, 55, 93025)\n",
      "(84, 288, 90000)\n",
      "(96, 280, 87616)\n",
      "(160, 231, 78961)\n",
      "(168, 224, 78400)\n",
      "(224, 168, 78400)\n",
      "(231, 160, 78961)\n",
      "(280, 96, 87616)\n",
      "(288, 84, 90000)\n",
      "(102, 280, 88804)\n",
      "(136, 255, 83521)\n",
      "(255, 136, 83521)\n",
      "(280, 102, 88804)\n",
      "(36, 323, 105625)\n",
      "(171, 228, 81225)\n",
      "(228, 171, 81225)\n",
      "(323, 36, 105625)\n",
      "(115, 276, 89401)\n",
      "(161, 240, 83521)\n",
      "(240, 161, 83521)\n",
      "(276, 115, 89401)\n",
      "(174, 232, 84100)\n",
      "(232, 174, 84100)\n",
      "(75, 308, 100489)\n",
      "(200, 210, 84100)\n",
      "(210, 200, 84100)\n",
      "(308, 75, 100489)\n",
      "(195, 216, 84681)\n",
      "(216, 195, 84681)\n",
      "(192, 220, 85264)\n",
      "(220, 192, 85264)\n",
      "(177, 236, 87025)\n",
      "(236, 177, 87025)\n",
      "(136, 273, 93025)\n",
      "(273, 136, 93025)\n",
      "(45, 336, 114921)\n",
      "(72, 320, 107584)\n",
      "(80, 315, 105625)\n",
      "(120, 288, 97344)\n",
      "(144, 270, 93636)\n",
      "(180, 240, 90000)\n",
      "(240, 180, 90000)\n",
      "(270, 144, 93636)\n",
      "(288, 120, 97344)\n",
      "(315, 80, 105625)\n",
      "(320, 72, 107584)\n",
      "(336, 45, 114921)\n",
      "(52, 336, 115600)\n",
      "(91, 312, 105625)\n",
      "(312, 91, 105625)\n",
      "(336, 52, 115600)\n",
      "(183, 244, 93025)\n",
      "(244, 183, 93025)\n",
      "(207, 224, 93025)\n",
      "(224, 207, 93025)\n",
      "(186, 248, 96100)\n",
      "(248, 186, 96100)\n",
      "(170, 264, 98596)\n",
      "(264, 170, 98596)\n",
      "(125, 300, 105625)\n",
      "(300, 125, 105625)\n",
      "(27, 364, 133225)\n",
      "(108, 315, 110889)\n",
      "(168, 270, 101124)\n",
      "(189, 252, 99225)\n",
      "(252, 189, 99225)\n",
      "(270, 168, 101124)\n",
      "(315, 108, 110889)\n",
      "(364, 27, 133225)\n",
      "(38, 360, 131044)\n",
      "(152, 285, 104329)\n",
      "(285, 152, 104329)\n",
      "(360, 38, 131044)\n",
      "(192, 256, 102400)\n",
      "(256, 192, 102400)\n",
      "(165, 280, 105625)\n",
      "(220, 231, 101761)\n",
      "(231, 220, 101761)\n",
      "(280, 165, 105625)\n",
      "(104, 330, 119716)\n",
      "(130, 312, 114244)\n",
      "(180, 273, 106929)\n",
      "(195, 260, 105625)\n",
      "(260, 195, 105625)\n",
      "(273, 180, 106929)\n",
      "(312, 130, 114244)\n",
      "(330, 104, 119716)\n",
      "(204, 253, 105625)\n",
      "(253, 204, 105625)\n",
      "(98, 336, 122500)\n",
      "(336, 98, 122500)\n",
      "(66, 360, 133956)\n",
      "(144, 308, 115600)\n",
      "(198, 264, 108900)\n",
      "(264, 198, 108900)\n",
      "(308, 144, 115600)\n",
      "(360, 66, 133956)\n",
      "(76, 357, 133225)\n",
      "(357, 76, 133225)\n",
      "(160, 300, 115600)\n",
      "(175, 288, 113569)\n",
      "(288, 175, 113569)\n",
      "(300, 160, 115600)\n",
      "(201, 268, 112225)\n",
      "(268, 201, 112225)\n",
      "(81, 360, 136161)\n",
      "(135, 324, 123201)\n",
      "(324, 135, 123201)\n",
      "(360, 81, 136161)\n",
      "(204, 272, 115600)\n",
      "(238, 240, 114244)\n",
      "(240, 238, 114244)\n",
      "(272, 204, 115600)\n",
      "(180, 299, 121801)\n",
      "(207, 276, 119025)\n",
      "(276, 207, 119025)\n",
      "(299, 180, 121801)\n",
      "(156, 320, 126736)\n",
      "(320, 156, 126736)\n",
      "(114, 352, 136900)\n",
      "(352, 114, 136900)\n",
      "(40, 399, 160801)\n",
      "(56, 390, 155236)\n",
      "(105, 360, 140625)\n",
      "(120, 350, 136900)\n",
      "(140, 336, 132496)\n",
      "(168, 315, 127449)\n",
      "(210, 280, 122500)\n",
      "(240, 252, 121104)\n",
      "(252, 240, 121104)\n",
      "(280, 210, 122500)\n",
      "(315, 168, 127449)\n",
      "(336, 140, 132496)\n",
      "(350, 120, 136900)\n",
      "(360, 105, 140625)\n",
      "(390, 56, 155236)\n",
      "(399, 40, 160801)\n",
      "(225, 272, 124609)\n",
      "(272, 225, 124609)\n",
      "(213, 284, 126025)\n",
      "(284, 213, 126025)\n",
      "(132, 351, 140625)\n",
      "(351, 132, 140625)\n",
      "(96, 378, 152100)\n",
      "(135, 352, 142129)\n",
      "(216, 288, 129600)\n",
      "(288, 216, 129600)\n",
      "(352, 135, 142129)\n",
      "(378, 96, 152100)\n",
      "(29, 420, 177241)\n",
      "(145, 348, 142129)\n",
      "(348, 145, 142129)\n",
      "(420, 29, 177241)\n",
      "(152, 345, 142129)\n",
      "(345, 152, 142129)\n",
      "(219, 292, 133225)\n",
      "(292, 219, 133225)\n",
      "(80, 396, 163216)\n",
      "(176, 330, 139876)\n",
      "(240, 275, 133225)\n",
      "(275, 240, 133225)\n",
      "(330, 176, 139876)\n",
      "(396, 80, 163216)\n",
      "(196, 315, 137641)\n",
      "(315, 196, 137641)\n",
      "(208, 306, 136900)\n",
      "(306, 208, 136900)\n",
      "(222, 296, 136900)\n",
      "(296, 222, 136900)\n",
      "(112, 384, 160000)\n",
      "(384, 112, 160000)\n",
      "(90, 400, 168100)\n",
      "(150, 360, 152100)\n",
      "(225, 300, 140625)\n",
      "(252, 275, 139129)\n",
      "(275, 252, 139129)\n",
      "(300, 225, 140625)\n",
      "(360, 150, 152100)\n",
      "(400, 90, 168100)\n",
      "(65, 420, 180625)\n",
      "(260, 273, 142129)\n",
      "(273, 260, 142129)\n",
      "(420, 65, 180625)\n",
      "(190, 336, 148996)\n",
      "(228, 304, 144400)\n",
      "(304, 228, 144400)\n",
      "(336, 190, 148996)\n",
      "(51, 432, 189225)\n",
      "(189, 340, 151321)\n",
      "(340, 189, 151321)\n",
      "(432, 51, 189225)\n",
      "(120, 391, 167281)\n",
      "(184, 345, 152881)\n",
      "(345, 184, 152881)\n",
      "(391, 120, 167281)\n",
      "(42, 440, 195364)\n",
      "(77, 420, 182329)\n",
      "(132, 385, 165649)\n",
      "(198, 336, 152100)\n",
      "(231, 308, 148225)\n",
      "(308, 231, 148225)\n",
      "(336, 198, 152100)\n",
      "(385, 132, 165649)\n",
      "(420, 77, 182329)\n",
      "(440, 42, 195364)\n",
      "(87, 416, 180625)\n",
      "(416, 87, 180625)\n",
      "(155, 372, 162409)\n",
      "(372, 155, 162409)\n",
      "(72, 429, 189225)\n",
      "(234, 312, 152100)\n",
      "(260, 288, 150544)\n",
      "(288, 260, 150544)\n",
      "(312, 234, 152100)\n",
      "(429, 72, 189225)\n",
      "(237, 316, 156025)\n",
      "(316, 237, 156025)\n",
      "(228, 325, 157609)\n",
      "(325, 228, 157609)\n",
      "(119, 408, 180625)\n",
      "(168, 374, 168100)\n",
      "(374, 168, 168100)\n",
      "(408, 119, 180625)\n",
      "(60, 448, 204304)\n",
      "(160, 384, 173056)\n",
      "(192, 360, 166464)\n",
      "(240, 320, 160000)\n",
      "(320, 240, 160000)\n",
      "(360, 192, 166464)\n",
      "(384, 160, 173056)\n",
      "(448, 60, 204304)\n",
      "(84, 437, 198025)\n",
      "(437, 84, 198025)\n",
      "(243, 324, 164025)\n",
      "(324, 243, 164025)\n",
      "(280, 294, 164836)\n",
      "(294, 280, 164836)\n",
      "(246, 328, 168100)\n",
      "(328, 246, 168100)\n",
      "(145, 408, 187489)\n",
      "(408, 145, 187489)\n",
      "(266, 312, 168100)\n",
      "(312, 266, 168100)\n",
      "(99, 440, 203401)\n",
      "(165, 396, 184041)\n",
      "(180, 385, 180625)\n",
      "(264, 315, 168921)\n",
      "(315, 264, 168921)\n",
      "(385, 180, 180625)\n",
      "(396, 165, 184041)\n",
      "(440, 99, 203401)\n",
      "(31, 480, 231361)\n",
      "(480, 31, 231361)\n",
      "(249, 332, 172225)\n",
      "(332, 249, 172225)\n",
      "(200, 375, 180625)\n",
      "(375, 200, 180625)\n"
     ]
    }
   ],
   "source": [
    "for n in range(1000):\n",
    "    p = n+1\n",
    "    for x in range (1, p):\n",
    "        y = side(x,p)\n",
    "        if y:\n",
    "            print (x, y , x**2+y**2)\n",
    "            counts[p-1] += 1\n",
    "    "
   ]
  },
  {
   "cell_type": "code",
   "execution_count": 51,
   "metadata": {
    "collapsed": false,
    "scrolled": true
   },
   "outputs": [
    {
     "name": "stdout",
     "output_type": "stream",
     "text": [
      "839 16.0\n"
     ]
    }
   ],
   "source": [
    "max = 0\n",
    "for n in range(1000):\n",
    "    if counts[n]>counts[max] :\n",
    "        max = n\n",
    "    \n",
    "print max, counts[max]"
   ]
  },
  {
   "cell_type": "code",
   "execution_count": null,
   "metadata": {
    "collapsed": true
   },
   "outputs": [],
   "source": []
  }
 ],
 "metadata": {
  "kernelspec": {
   "display_name": "Python 2",
   "language": "python",
   "name": "python2"
  },
  "language_info": {
   "codemirror_mode": {
    "name": "ipython",
    "version": 2
   },
   "file_extension": ".py",
   "mimetype": "text/x-python",
   "name": "python",
   "nbconvert_exporter": "python",
   "pygments_lexer": "ipython2",
   "version": "2.7.11"
  }
 },
 "nbformat": 4,
 "nbformat_minor": 0
}
